   1            "a" 1416  2934.894775 2889.565430 3895.192139
   2            "b"  132  307.762665 284.254272 366.552582
   3            "c"   48  359.993134 169.548782 363.797577
   4            "d"  390  848.044312 838.016541 1221.214111
   5            "e"  318  866.218506 814.332947 1252.692871
   6            "g"  210  1328.167236 856.688477 1167.137451
   7            "h"   66  272.991791 198.137192 867.263855
   8            "i"  576  1471.778442 1283.546753 1744.442139
   9            "j"   48  160.369736 165.823380 512.017883
  10            "k"  180  468.085663 493.642151 459.271423
  11            "l"   72  393.786652 343.266815 594.101074
  12            "m"  162  518.657776 530.951416 1376.568237
  13            "n"  480  1083.938965 1126.083862 1999.514648
  14            "o"  156  348.927155 369.797394 605.441406
  15            "p"  138  289.551727 282.848022 528.929993
  16            "r"  438  874.740234 804.546082 964.825500
  17            "s"  174  1147.175415 989.324341 1468.402588
  18            "t"  240  504.635284 498.405518 726.193054
  19            "u"  570  1326.943481 1336.181641 3672.067139
  20            "w"  210  551.154541 516.560608 680.804688
  21            "y"  210  896.720886 841.502258 1762.886230
  22           "aa"  336  956.743530 922.080322 1510.398804
  23           "ai"   36  152.086319  84.244492 248.678757
  24           "bb"   18   76.312416  79.293617 281.834015
  25           "bh"   12  105.161804  56.477528  39.238163
  26           "dd"   60  198.207336 173.097107 483.303619
  27           "dh"   18   61.516087  59.289433 502.621002
  28           "dx"   90  673.108398 293.912354 273.156616
  29           "ee"   66  191.848938 167.501968 393.907715
  30           "ii"   78  220.759018 224.721512 1068.885620
  31           "kh"    6  113.022110  38.624676  62.996098
  32           "kk"   12   72.781921  58.289402 130.542862
  33           "ll"  114  595.945251 352.294403 702.358887
  34           "lx"   78  198.924927 174.165512 300.985199
  35           "ng"   24  289.965790  58.580082 319.935577
  36           "nn"   78  376.522369 296.098877 648.371521
  37           "nx"    6  169.822784  46.223637 371.308197
  38           "oo"   54  358.126526 295.282928 283.128784
  39           "ph"   30  241.006943 219.546234 683.591248
  40           "pp"    6   40.225269  37.603043  98.347549
  41           "sh"   24  147.325211  99.965973 418.363953
  42           "ss"    6   79.893311  40.158138 174.854492
  43           "sx"   42  627.330017 158.520767 356.494598
  44           "th"   12  172.091202  57.127922 252.321243
  45           "tt"   42  204.152512 172.043259 726.095215
  46           "tx"   24   86.505493  78.177223 251.094528
  47           "uu"   72  263.618591 283.911957 568.245667
  48         "txtx"   36  160.852859 115.675568 289.404419
  49         "lxlx"   12   92.656715  60.434952 412.842377
  50          "sil"  360  9531.808594 1944.076538 7158.580566
  51         "nxnx"   24  158.144516  86.733147 149.524246
