   1            "a" 1416  3254.693848 2381.896240 4234.865234
   2            "b"  132  390.517883 217.686554 417.048096
   3            "c"   48  358.152252 146.006104 179.855087
   4            "d"  390  892.569580 775.931641 1121.448120
   5            "e"  318  931.215149 748.919434 1607.582642
   6            "g"  210  1178.173950 567.392639 1127.654663
   7            "h"   66  217.583084 156.191605 1472.823853
   8            "i"  576  2108.598633 1186.191772 2165.900391
   9            "j"   48  256.201538 144.792511 385.635010
  10            "k"  180  543.700256 534.964294 409.158447
  11            "l"   72  234.221863 188.963257 258.118805
  12            "m"  162  584.900513 405.248352 854.299377
  13            "n"  480  799.768372 883.897766 3896.453369
  14            "o"  156  422.449463 435.050232 752.601440
  15            "p"  138  316.759064 241.915573 546.348511
  16            "r"  438  1196.733887 573.532104 793.689758
  17            "s"  174  1006.306702 803.400269 748.981201
  18            "t"  240  566.046997 494.777985 742.311646
  19            "u"  570  1667.010620 1124.977173 4691.483398
  20            "w"  210  609.079224 444.320312 795.862732
  21            "y"  210  811.279785 726.076721 918.604248
  22           "aa"  336  1247.305420 1127.685913 2482.774658
  23           "ai"   36  186.174728  67.076767 349.004364
  24           "bb"   18   91.553848  74.165268 232.750092
  25           "bh"   12  109.142059  74.762489  64.093315
  26           "dd"   60  322.655365 218.534988 187.237808
  27           "dh"   18   51.700520  40.351437 390.002075
  28           "dx"   90  660.717102 204.477478 233.437714
  29           "ee"   66  291.306427 194.457489 327.289673
  30           "ii"   78  235.507980 301.884521 995.811462
  31           "kh"    6  102.940788 112.107536  65.123390
  32           "kk"   12   61.640579  59.436165 110.237434
  33           "ll"  114  1274.108398 582.368652 618.593628
  34           "lx"   78  241.648193 190.388611 282.781036
  35           "ng"   24  212.036804  85.218056 166.988510
  36           "nn"   78  864.249268 195.131607 293.154572
  37           "nx"    6   90.111877  32.905388 208.042389
  38           "oo"   54  335.765808 243.793839 265.836487
  39           "ph"   30  141.061005 236.908401 134.745361
  40           "pp"    6   33.329647  75.303955   9.803169
  41           "sh"   24  187.147980 108.941467 303.716797
  42           "ss"    6   43.962086  57.328777  72.030884
  43           "sx"   42  443.007843 205.699860 291.375946
  44           "th"   12  171.181335  33.825680  62.081127
  45           "tt"   42  323.489868 188.401718 258.387451
  46           "tx"   24   87.354065  88.642944 130.556641
  47           "uu"   72  259.909119 220.576370 293.175537
  48         "txtx"   36  188.462006 158.422104 201.756668
  49         "lxlx"   12  112.255127 110.241829 200.220428
  50          "sil"  360  8893.326172 3574.672363 6048.022461
  51         "nxnx"   24  225.034195  64.464211  57.830769
