   1            "a" 1416  4806.942871 4806.844727 8161.036621
   2            "b"  132  455.166168 455.156891 785.250244
   3            "c"   48  162.813690 162.809540 277.004883
   4            "d"  390  1346.072632 1346.045532 2324.505371
   5            "e"  318  1086.039673 1086.018066 1854.396973
   6            "g"  210  718.477356 718.458679 1227.633301
   7            "h"   66  235.729462 235.725616 424.263519
   8            "i"  576  1967.590820 1967.556519 3374.023438
   9            "j"   48  160.826996 160.823273 268.269806
  10            "k"  180  606.956787 606.946960 1021.265869
  11            "l"   72  246.969025 246.965179 423.171448
  12            "m"  162  554.057068 554.049561 946.536072
  13            "n"  480  1635.611694 1635.590698 2782.334961
  14            "o"  156  532.076538 532.066101 902.676208
  15            "p"  138  465.373413 465.363068 782.983093
  16            "r"  438  1484.032349 1483.998291 2512.120361
  17            "s"  174  577.689819 577.677673 959.796021
  18            "t"  240  810.744507 810.728333 1369.649658
  19            "u"  570  1940.987915 1940.951294 3303.240967
  20            "w"  210  701.662537 701.647217 1180.299927
  21            "y"  210  710.834656 710.817383 1203.710693
  22           "aa"  336  1147.449829 1147.425049 1957.362549
  23           "ai"   36  125.046844 125.044983 219.374634
  24           "bb"   18   60.472393  60.471176 101.256157
  25           "bh"   12   41.494656  41.493752  71.465019
  26           "dd"   60  199.627533 199.623657 331.703339
  27           "dh"   18   63.991638  63.990150 113.106155
  28           "dx"   90  310.156769 310.150940 534.459778
  29           "ee"   66  228.025314 228.020798 394.649445
  30           "ii"   78  258.892090 258.886719 430.009155
  31           "kh"    6   21.658789  21.658228  38.909092
  32           "kk"   12   41.523235  41.522308  70.861137
  33           "ll"  114  388.399994 388.391724 663.618286
  34           "lx"   78  264.103027 264.097260 446.746124
  35           "ng"   24   81.964012  81.962448 141.246445
  36           "nn"   78  264.163208 264.157684 446.114471
  37           "nx"    6   19.305990  19.305573  31.383966
  38           "oo"   54  185.365402 185.361374 317.263947
  39           "ph"   30  102.645714 102.643349 176.742233
  40           "pp"    6   21.742188  21.741873  38.538551
  41           "sh"   24   85.782646  85.781212 155.483047
  42           "ss"    6   20.102985  20.102545  33.923698
  43           "sx"   42  149.345886 149.343079 268.600098
  44           "th"   12   39.169998  39.169060  64.172821
  45           "tt"   42  143.265762 143.263901 244.158234
  46           "tx"   24   79.329086  79.327515 131.658066
  47           "uu"   72  239.509674 239.503937 397.567566
  48         "txtx"   36  124.206055 124.203918 212.122620
  49         "lxlx"   12   39.633610  39.632828  64.952415
  50          "sil"  360  1240.233276 1240.221191 2139.329102
  51         "nxnx"   24   84.729889  84.728378 147.814316
