   1            "a" 1416  3676.579590 2881.927246 5007.891113
   2            "b"  132  354.204163 214.811646 443.346344
   3            "c"   48  325.042542 186.675903 142.147400
   4            "d"  390  1122.067871 820.426819 881.830444
   5            "e"  318  921.100159 1114.816162 1632.246826
   6            "g"  210  887.317749 496.147827 875.646729
   7            "h"   66  182.036774 164.979385 911.238525
   8            "i"  576  2180.845703 1664.181641 2175.053223
   9            "j"   48  234.748672 189.449905 279.389648
  10            "k"  180  618.797302 436.156891 346.648132
  11            "l"   72  183.333786 149.835617 244.312363
  12            "m"  162  524.953125 434.226410 582.466919
  13            "n"  480  745.839050 1016.735352 3962.720947
  14            "o"  156  522.234131 503.615051 728.266968
  15            "p"  138  393.926758 251.594437 406.840851
  16            "r"  438  1248.129761 552.508179 877.890320
  17            "s"  174  908.365356 857.525208 511.409302
  18            "t"  240  793.168518 597.554443 615.747864
  19            "u"  570  2006.432373 1457.069946 3682.814697
  20            "w"  210  496.479706 492.040344 727.563721
  21            "y"  210  757.203918 738.806396 693.675903
  22           "aa"  336  1187.386597 2145.205566 1944.646484
  23           "ai"   36  147.637665  79.360954 435.764282
  24           "bb"   18  104.551392  65.692093 145.738647
  25           "bh"   12   93.493965  66.782333  47.539093
  26           "dd"   60  230.735153 254.232712 188.736282
  27           "dh"   18   50.281849  46.993275 295.392151
  28           "dx"   90  381.585602 171.477661 209.535965
  29           "ee"   66  377.101532 338.036713 270.274963
  30           "ii"   78  230.296188 304.399780 909.393677
  31           "kh"    6  102.686584  73.157692  63.129837
  32           "kk"   12   55.103874  55.021442  95.487808
  33           "ll"  114  1012.367432 733.953186 396.775330
  34           "lx"   78  230.108627 272.674866 302.893463
  35           "ng"   24  224.227524  90.673561 145.524811
  36           "nn"   78  850.286438 239.919922 286.649689
  37           "nx"    6   64.763313  30.660904 177.386856
  38           "oo"   54  354.164551 223.027130 265.080963
  39           "ph"   30  135.371460 139.563965 117.250847
  40           "pp"    6   34.346722  69.910286  10.411310
  41           "sh"   24  198.685120 106.336510 217.150070
  42           "sp"    0  3404.547607
  43           "ss"    6   36.662201  58.929077  59.194782
  44           "sx"   42  395.344482 205.934158 286.485748
  45           "th"   12  174.429947  40.922607  60.607853
  46           "tt"   42  182.894012 204.385147 112.955269
  47           "tx"   24   96.696991  93.169479 107.137672
  48           "uu"   72  321.507843 245.192810 210.705978
  49         "txtx"   36  152.882401 249.295547 166.691711
  50         "lxlx"   12  108.357559  81.778816  44.084213
  51          "sil"  360  10432.292969 3404.547607 5414.975098
  52         "nxnx"   24  202.474380  78.420578  52.232899
