   1            "a" 1416  3526.337646 3856.794678 5532.972656
   2            "b"  132  400.724854 305.311066 336.131805
   3            "c"   48  421.640594 241.103607 166.078156
   4            "d"  390  1206.142456 776.313049 820.603333
   5            "e"  318  914.070068 1419.716187 1619.506348
   6            "g"  210  720.620850 492.821167 644.878113
   7            "h"   66  190.265350 154.462296 389.543304
   8            "i"  576  1733.143433 1987.344116 2342.138184
   9            "j"   48  186.103180 206.610291 230.334702
  10            "k"  180  701.111389 445.871674 359.717438
  11            "l"   72  158.245529 180.556534 197.142502
  12            "m"  162  545.283020 412.815735 474.208160
  13            "n"  480  889.521912 1305.430176 2560.956055
  14            "o"  156  744.565002 578.588867 579.309753
  15            "p"  138  476.845612 292.924194 472.468445
  16            "r"  438  1335.913696 715.696106 995.828613
  17            "s"  174  782.629395 930.828430 559.839783
  18            "t"  240  902.080078 622.983765 414.174896
  19            "u"  570  1950.101196 2045.083740 3728.371338
  20            "w"  210  509.074890 430.205353 492.488159
  21            "y"  210  782.540405 632.280640 580.068298
  22           "aa"  336  1325.572510 2344.345947 1742.390259
  23           "ai"   36  113.151367 197.799271 437.710083
  24           "bb"   18  107.093727  69.030624 143.801697
  25           "bh"   12   91.065552  59.236717  44.936222
  26           "dd"   60  216.564377 260.656250 294.297302
  27           "dh"   18   47.006630  56.454830 132.516739
  28           "dx"   90  306.983795 157.069992 196.015717
  29           "ee"   66  419.136871 494.653503 185.077606
  30           "ii"   78  238.487289 325.513916 783.169312
  31           "kh"    6   94.834152  33.272808  72.426010
  32           "kk"   12   44.651707  41.848572 100.962944
  33           "ll"  114  618.899841 901.755432 395.564270
  34           "lx"   78  210.523544 302.677734 321.345367
  35           "ng"   24  169.728546  89.255669 126.584885
  36           "nn"   78  592.093384 281.963379 281.575562
  37           "nx"    6   58.827126  26.295645 137.555557
  38           "oo"   54  357.091217 215.848816 231.910202
  39           "ph"   30  161.391037 122.037926  90.168816
  40           "pp"    6   34.297424  65.470795  12.985004
  41           "sh"   24  143.524414  86.688637 207.142242
  42           "sp"    0  4682.853027
  43           "ss"    6   31.625040  58.418900  40.550320
  44           "sx"   42  401.232513 242.341919 211.152557
  45           "th"   12  185.605804  55.962574  22.943697
  46           "tt"   42   83.478104 191.481598 290.445709
  47           "tx"   24  128.681320  74.475067  74.783966
  48           "uu"   72  407.124481 310.794403 273.090393
  49         "txtx"   36  127.407722 221.238892 142.234253
  50         "lxlx"   12   80.656837  52.377548  40.067223
  51          "sil"  360  8943.553711 4682.853027 5649.727539
  52         "nxnx"   24  204.970505  96.001686  62.830853
