   1            "a" 1416  3580.893066 3779.575195 5460.883301
   2            "b"  132  339.559570 284.540802 389.592224
   3            "c"   48  423.018433 241.226013 151.665802
   4            "d"  390  1220.056396 785.391968 816.904419
   5            "e"  318  916.386963 1381.473267 1636.216431
   6            "g"  210  805.362366 515.929810 668.392456
   7            "h"   66  190.790176 154.599060 446.095337
   8            "i"  576  1817.104126 1962.038574 2332.123291
   9            "j"   48  193.544296 205.180481 238.072433
  10            "k"  180  690.872986 441.116119 351.306549
  11            "l"   72  160.142609 168.075531 209.634369
  12            "m"  162  487.513672 442.102020 471.109222
  13            "n"  480  844.065308 1316.791992 2766.510010
  14            "o"  156  670.706909 563.378479 587.382385
  15            "p"  138  453.176086 282.312988 456.878143
  16            "r"  438  1256.759399 660.344666 968.452820
  17            "s"  174  812.306152 933.660461 529.137817
  18            "t"  240  920.043823 610.262451 398.266083
  19            "u"  570  1972.836182 1889.253296 3801.377441
  20            "w"  210  461.034485 442.976074 590.688782
  21            "y"  210  788.069824 673.173889 607.220093
  22           "aa"  336  1306.522339 2357.926758 1780.782349
  23           "ai"   36  142.247345 170.486633 441.962799
  24           "bb"   18  104.676628  70.130020 148.213287
  25           "bh"   12   90.154999  59.953560  45.362972
  26           "dd"   60  214.692947 255.198288 285.689453
  27           "dh"   18   48.076298  54.847683 137.125473
  28           "dx"   90  326.772614 160.128662 203.412476
  29           "ee"   66  408.203674 430.207581 224.029358
  30           "ii"   78  230.148788 309.822906 816.408630
  31           "kh"    6   94.898804  33.612423  67.802887
  32           "kk"   12   49.051945  43.237389 102.917686
  33           "ll"  114  706.485840 816.519104 322.017609
  34           "lx"   78  222.000031 294.012146 314.213684
  35           "ng"   24  170.921387  87.783928 119.668571
  36           "nn"   78  645.115662 280.074982 283.880585
  37           "nx"    6   59.366657  27.992723 137.659241
  38           "oo"   54  365.222382 213.408371 240.782639
  39           "ph"   30  157.594437 112.103424  98.549454
  40           "pp"    6   32.639137  67.077896  10.949034
  41           "sh"   24  158.789291  86.802177 206.597580
  42           "sp"    0  4434.682129
  43           "ss"    6   32.919983  59.291603  55.290524
  44           "sx"   42  392.320221 246.621735 226.049866
  45           "th"   12  180.163208  54.245335  18.281296
  46           "tt"   42   83.541702 169.644119 247.837753
  47           "tx"   24  122.937553  82.610542  76.969009
  48           "uu"   72  405.750916 312.620972 288.529480
  49         "txtx"   36  108.957619 227.472412  98.141602
  50         "lxlx"   12   86.746918  49.142086  40.940701
  51          "sil"  360  9299.226562 4434.682129 5592.174805
  52         "nxnx"   24  201.724777  89.101143  62.378986
