   1            "a" 1416  3515.172607 3496.210693 5255.042969
   2            "b"  132  355.472626 242.049194 434.763947
   3            "c"   48  384.595062 212.863190 184.696396
   4            "d"  390  1221.788330 804.258545 837.958801
   5            "e"  318  940.023621 1304.136597 1643.145996
   6            "g"  210  864.503052 500.905304 722.267761
   7            "h"   66  192.282684 167.695816 486.519653
   8            "i"  576  1935.226929 1872.869629 2242.078857
   9            "j"   48  203.758255 201.247635 251.712769
  10            "k"  180  663.334717 431.014648 347.336487
  11            "l"   72  165.842804 149.054474 217.478882
  12            "m"  162  465.832214 456.179352 520.407166
  13            "n"  480  769.296448 1291.970337 3203.200928
  14            "o"  156  627.165161 543.395508 628.112732
  15            "p"  138  433.573608 269.579742 435.641449
  16            "r"  438  1155.275757 597.840149 910.591125
  17            "s"  174  847.454468 921.663086 513.436462
  18            "t"  240  906.390625 595.799988 401.173737
  19            "u"  570  1974.669800 1650.467163 3651.154541
  20            "w"  210  450.795227 479.025238 638.934387
  21            "y"  210  750.399414 705.808533 650.783875
  22           "aa"  336  1249.434814 2304.128662 1876.450684
  23           "ai"   36  131.044739 121.855423 484.534973
  24           "bb"   18  102.578644  71.708588 145.527649
  25           "bh"   12   92.610222  60.777290  47.574631
  26           "dd"   60  223.172485 249.531738 285.556793
  27           "dh"   18   47.786636  52.359783 136.335754
  28           "dx"   90  355.493256 165.070175 208.863464
  29           "ee"   66  408.982819 376.515503 233.637527
  30           "ii"   78  228.711090 303.549561 854.993774
  31           "kh"    6   86.443253  33.169308  61.675781
  32           "kk"   12   53.655182  48.707668  97.615570
  33           "ll"  114  885.807251 838.745605 286.553284
  34           "lx"   78  221.282318 289.956512 303.050598
  35           "ng"   24  218.025879  87.118019 119.281494
  36           "nn"   78  752.098633 275.348206 297.047241
  37           "nx"    6   61.261852  29.070570 175.835617
  38           "oo"   54  356.620331 206.503342 263.517853
  39           "ph"   30  150.811661 145.610275 117.467361
  40           "pp"    6   32.277737  68.624306  10.956345
  41           "sh"   24  188.457825  86.630356 203.921829
  42           "sp"    0  4171.665527
  43           "ss"    6   34.253403  59.896885  56.516907
  44           "sx"   42  391.749725 225.854202 292.978638
  45           "th"   12  170.712830  47.338585  62.237083
  46           "tt"   42  166.138718 173.620117 152.139206
  47           "tx"   24  115.127716  86.817207  95.262245
  48           "uu"   72  367.583862 284.866119 264.463348
  49         "txtx"   36  124.838379 241.018219  90.682281
  50         "lxlx"   12   92.542244  71.760330  42.335358
  51          "sil"  360  9760.396484 4171.665527 5655.236328
  52         "nxnx"   24  204.195282  88.182739  58.945583
